1
115
133
63
153
119
131
125
198
123
142
90
158
104
138
116
128
141
139
124
97
116
139
187
128
157
3
146
142
113
2
117
90
118
154
98
160
156
166
118
3
70
113
129
140
27
2
3
3
111
199
169
3
144
146
137
153
181
77
131
124
114
125
190
172
201
50
154
163
150
151
105
110
179
191
122
162
181
143
225
142
89
0
131
127
123
126
142
127
42
144
78
138
123
149
137
177
173
128
63
144
45
158
111
133
116
103
191
86
209
138
171
137
147
136
89
191
171
94
122
126
183
144
255
130
193
89
17
121
15
118
114
175
137
193
133
21
95
152
143
81
207
118
128
151
166
77
17
41
185
208
139
125
151
207
129
196
13
69
151
166
75
69
15
157
70
4
75
18
54
15
67
87
85
14
71
18
169
72
95
104
21
76
147
197
0
13
14
152
77
6
72
73
82
18
67
116
16
97
91
18
154
78
18
193
73
74
47
66
14
77
95
83
20
177
79
5
80
157
138
14
75
174
77
124
208
167
43
104
132
125
85
78
18
137
20
83
20
167
51
17
49
77
54
4
154
69
19
17
75
147
131
141
90
90
48
13
75
12
55
75
24
5
73
87
14
54
67
14
101
149
82
70
138
150
156
138
84
141
49
141
134
94
83
149
19
25
5
79
66
98
21
93
131
154
134
60
100
66
5
95
135
57
71
84
90
148
149
70
61
150
128
144
5
4
68
145
126
183
104
145
136
101
101
77
4
62
64
64
152
131
79
60
19
119
138
68
32
15
36
4
75
76
58
61
107
46
15
93
91
36
5
99
40
18
91
148
103
71
182
97
107
60
142
13
134
100
156
62
59
99
31
17
52
93
15
56
4
113
69
4
102
137
119
147
48
16
127
86
98
92
61
62
69
65
53
86
32
153
42
4
121
71
137
138
53
126
16
60
50
133
166
92
110
102
140
67
90
15
131
118
45
18
31
53
18
32
4
58
61
152
71
141
128
32
17
57
18
127
30
96
63
94
109
88
73
67
74
105
74
69
37
19
63
19
45
48
96
46
146
49
18
45
5
40
14
120
113
59
72
125
159
117
101
71
137
136
188
132
102
122
154
127
86
57
19
73
127
120
65
98
45
136
150
80
74
71
121
135
101
102
36
15
58
17
98
154
57
132
123
42
72
84
42
47
107
63
136
5
63
73
31
19
122
120
100
59
105
54
49
119
72
85
86
255
64
37
55
48
64
109
97
74
93
236
70
62
99
117
94
45
53
54
43
49
63
69
123
56
83
78
37
0
115
48
227
82
52
67
81
154
59
45
100
105
141
78
55
75
155
86
121
4
73
254
125
49
77
53
49
47
128
40
177
125
70
62
68
45
77
41
78
71
46
68
165
81
160
45
46
53
58
64
44
57
46
67
48
71
168
151
83
55
81
96
55
163
82
96
228
66
24
48
177
53
168
110
43
55
66
56
108
64
73
58
76
167
26
96
72
96
43
43
183
44
133
57
63
101
102
74
54
50
177
53
48
65
61
101
111
81
111
72
58
130
63
0
51
56
102
46
124
63
110
81
81
16
9
2
13
8
20
7
13
16
11
7
17
0
3
10
6
4
16
8
5
9
12
15
5
8
8
9
11
13
8
9
2
6
0
4
0
15
8
0
9
0
15
9
15
7
0
0
0
10
0
7
9
5
6
10
5
5
5
5
6
7
13
0
0
7
0
0
0
7
17
6
12
6
0
0
6
0
